// This is from first address i.e 8'h00
// If you want to jump to a new address  @addr i.e.@55

@000
//* ********** 1s frame data **************/  
//* ********** for rom 512*13 **************/ 

3 3 1 1 4 4 1 1 5 5 9 9 2 2 6 6 5 5 3 3 5 5 8 8 9 9 7 7 9 9 3 3 2 2 3 3 8 8 4 4 6 6 2 2 6 6 4 4 3 3 3 3 8 8 3 3 2 2 7 7 9 9 5 5
3 3 1 1 4 4 1 1 5 5 9 9 2 2 6 6 5 5 3 3 5 5 8 8 9 9 7 7 9 9 3 3 2 2 3 3 8 8 4 4 6 6 2 2 6 6 4 4 3 3 3 3 8 8 3 3 2 2 7 7 9 9 5 5
3 3 1 1 4 4 1 1 5 5 9 9 2 2 6 6 5 5 3 3 5 5 8 8 9 9 7 7 9 9 3 3 2 2 3 3 8 8 4 4 6 6 2 2 6 6 4 4 3 3 3 3 8 8 3 3 2 2 7 7 9 9 5 5
3 3 1 1 4 4 1 1 5 5 9 9 2 2 6 6 5 5 3 3 5 5 8 8 9 9 7 7 9 9 3 3 2 2 3 3 8 8 4 4 6 6 2 2 6 6 4 4 3 3 3 3 8 8 3 3 2 2 7 7 9 9 5 5
3 3 1 1 4 4 1 1 5 5 9 9 2 2 6 6 5 5 3 3 5 5 8 8 9 9 7 7 9 9 3 3 2 2 3 3 8 8 4 4 6 6 2 2 6 6 4 4 3 3 3 3 8 8 3 3 2 2 7 7 9 9 5 5
3 3 1 1 4 4 1 1 5 5 9 9 2 2 6 6 5 5 3 3 5 5 8 8 9 9 7 7 9 9 3 3 2 2 3 3 8 8 4 4 6 6 2 2 6 6 4 4 3 3 3 3 8 8 3 3 2 2 7 7 9 9 5 5
3 3 1 1 4 4 1 1 5 5 9 9 2 2 6 6 5 5 3 3 5 5 8 8 9 9 7 7 9 9 3 3 2 2 3 3 8 8 4 4 6 6 2 2 6 6 4 4 3 3 3 3 8 8 3 3 2 2 7 7 9 9 5 5
3 3 1 1 4 4 1 1 5 5 9 9 2 2 6 6 5 5 3 3 5 5 8 8 9 9 7 7 9 9 3 3 2 2 3 3 8 8 4 4 6 6 2 2 6 6 4 4 3 3 3 3 8 8 3 3 2 2 7 7 9 9 5 5


3 1 4 1 5 9 2 6 5 3 5 8 9 7 9 3 2 3 8 4 6 2 6 4 3 3 8 3 2 7 9 5 3 1 4 1 5 9 2 6 5 3 5 8 9 7 9 3 2 3 8 4 6 2 6 4 3 3 8 3 2 7 9 5 
3 1 4 1 5 9 2 6 5 3 5 8 9 7 9 3 2 3 8 4 6 2 6 4 3 3 8 3 2 7 9 5 3 1 4 1 5 9 2 6 5 3 5 8 9 7 9 3 2 3 8 4 6 2 6 4 3 3 8 3 2 7 9 5 
3 1 4 1 5 9 2 6 5 3 5 8 9 7 9 3 2 3 8 4 6 2 6 4 3 3 8 3 2 7 9 5 3 1 4 1 5 9 2 6 5 3 5 8 9 7 9 3 2 3 8 4 6 2 6 4 3 3 8 3 2 7 9 5 
3 1 4 1 5 9 2 6 5 3 5 8 9 7 9 3 2 3 8 4 6 2 6 4 3 3 8 3 2 7 9 5 3 1 4 1 5 9 2 6 5 3 5 8 9 7 9 3 2 3 8 4 6 2 6 4 3 3 8 3 2 7 9 5 
3 1 4 1 5 9 2 6 5 3 5 8 9 7 9 3 2 3 8 4 6 2 6 4 3 3 8 3 2 7 9 5 3 1 4 1 5 9 2 6 5 3 5 8 9 7 9 3 2 3 8 4 6 2 6 4 3 3 8 3 2 7 9 5 
3 1 4 1 5 9 2 6 5 3 5 8 9 7 9 3 2 3 8 4 6 2 6 4 3 3 8 3 2 7 9 5 3 1 4 1 5 9 2 6 5 3 5 8 9 7 9 3 2 3 8 4 6 2 6 4 3 3 8 3 2 7 9 5 
3 1 4 1 5 9 2 6 5 3 5 8 9 7 9 3 2 3 8 4 6 2 6 4 3 3 8 3 2 7 9 5 3 1 4 1 5 9 2 6 5 3 5 8 9 7 9 3 2 3 8 4 6 2 6 4 3 3 8 3 2 7 9 5 
3 1 4 1 5 9 2 6 5 3 5 8 9 7 9 3 2 3 8 4 6 2 6 4 3 3 8 3 2 7 9 5 3 1 4 1 5 9 2 6 5 3 5 8 9 7 9 3 2 3 8 4 6 2 6 4 3 3 8 3 2 7 9 5    